masks: tensor([[[0., 0., 0.,  ..., 1., 1., 1.],
         [0., 0., 0.,  ..., 1., 1., 1.],
         [0., 0., 0.,  ..., 1., 1., 1.],
         ...,
         [0., 0., 0.,  ..., 0., 0., 0.],
         [0., 0., 0.,  ..., 0., 0., 0.],
         [0., 0., 0.,  ..., 0., 0., 0.]],

        [[0., 0., 0.,  ..., 0., 0., 0.],
         [0., 0., 0.,  ..., 0., 0., 0.],
         [0., 0., 0.,  ..., 0., 0., 0.],
         ...,
         [0., 0., 0.,  ..., 0., 0., 0.],
         [0., 0., 0.,  ..., 0., 0., 0.],
         [0., 0., 0.,  ..., 0., 0., 0.]],

        [[0., 0., 0.,  ..., 0., 0., 0.],
         [0., 0., 0.,  ..., 0., 0., 0.],
         [0., 0., 0.,  ..., 0., 0., 0.],
         ...,
         [0., 0., 0.,  ..., 0., 0., 0.],
         [0., 0., 0.,  ..., 0., 0., 0.],
         [0., 0., 0.,  ..., 0., 0., 0.]],

        ...,

        [[0., 0., 0.,  ..., 0., 0., 0.],
         [0., 0., 0.,  ..., 0., 0., 0.],
         [0., 0., 0.,  ..., 0., 0., 0.],
         ...,
         [0., 0., 0.,  ..., 0., 0., 0.],
         [0., 0., 0.,  ..., 0., 0., 0.],
         [0., 0., 0.,  ..., 0., 0., 0.]],

        [[0., 0., 0.,  ..., 0., 0., 0.],
         [0., 0., 0.,  ..., 0., 0., 0.],
         [0., 0., 0.,  ..., 0., 0., 0.],
         ...,
         [0., 0., 0.,  ..., 0., 0., 0.],
         [0., 0., 0.,  ..., 0., 0., 0.],
         [0., 0., 0.,  ..., 0., 0., 0.]],

        [[0., 0., 0.,  ..., 0., 0., 0.],
         [0., 0., 0.,  ..., 0., 0., 0.],
         [0., 0., 0.,  ..., 0., 0., 0.],
         ...,
         [0., 0., 0.,  ..., 0., 0., 0.],
         [0., 0., 0.,  ..., 0., 0., 0.],
         [0., 0., 0.,  ..., 0., 0., 0.]]], device='cuda:0')
boxes: tensor([[406.,   0., 639., 131.],
        [214.,   0., 318.,  65.],
        [203., 269., 258., 303.],
        [ 89.,  30., 203., 112.],
        [ 56., 272., 123., 307.],
        [287.,  21., 321.,  77.],
        [336., 267., 393., 300.],
        [399., 265., 459., 298.],
        [  0.,  34.,  40.,  55.],
        [388., 231., 442., 257.],
        [131., 271., 191., 305.],
        [  0.,  34.,  40.,  73.],
        [521., 211., 639., 417.],
        [272., 268., 327., 301.],
        [190., 320., 621., 478.],
        [ 89.,  30., 165., 101.],
        [421., 110., 455., 161.],
        [370., 176., 414., 194.],
        [318., 287., 639., 478.],
        [351.,  25., 411., 117.],
        [ 74., 234., 134., 263.],
        [ 66., 367., 257., 478.],
        [363., 154., 403., 169.],
        [216., 276., 246., 296.],
        [532., 176., 568., 203.],
        [378., 201., 426., 223.],
        [484., 129., 530., 191.],
        [103., 176., 151., 195.],
        [246., 151., 288., 206.],
        [406.,   0., 639., 189.],
        [581.,   0., 639., 114.],
        [ 90., 202., 140., 226.],
        [589., 286., 639., 353.],
        [324.,   0., 410.,  19.],
        [114., 152., 158., 168.],
        [284., 275., 313., 294.],
        [  0.,   0.,  77.,  35.],
        [314., 192., 373., 250.],
        [113.,  62., 203., 112.],
        [ 89., 240., 121., 257.],
        [158.,  80., 216., 118.],
        [362., 133., 394., 148.],
        [484., 113., 529., 134.],
        [ 37.,  21.,  57.,  35.],
        [198.,  69., 283., 177.],
        [361.,   9., 372.,  25.],
        [388., 205., 415., 219.],
        [ 36.,  22.,  94., 177.],
        [197.,  31., 213.,  58.],
        [149.,   0., 212.,  50.],
        [ 73., 278., 107., 299.],
        [ 42., 101.,  93., 165.],
        [199., 238., 220., 255.],
        [438., 221., 495., 249.],
        [349., 273., 377., 293.],
        [ 56., 241., 131., 308.],
        [421., 133., 455., 161.],
        [ 78.,   0., 108.,  43.],
        [138., 224., 155., 260.],
        [ 53., 325.,  97., 409.],
        [102., 207., 132., 222.],
        [  0.,  45., 112., 155.],
        [411., 157., 489., 220.],
        [355., 102., 388., 117.],
        [593., 195., 639., 235.],
        [539., 333., 558., 347.],
        [540., 265., 573., 289.],
        [172., 131., 209., 147.],
        [146., 277., 179., 297.],
        [123., 131., 165., 146.],
        [399., 236., 429., 252.],
        [  0.,  53.,  38.,  73.],
        [274., 136., 309., 182.],
        [331.,  91., 361., 164.],
        [ 34., 208.,  86., 228.],
        [171., 238., 202., 261.],
        [528., 415., 623., 478.],
        [ 88.,  18., 108.,  39.],
        [109.,   0., 150.,  30.],
        [412., 272., 445., 291.],
        [344.,  77., 351.,  93.],
        [ 38.,  30., 202., 112.],
        [ 81.,  82., 103., 100.],
        [626., 373., 639., 399.],
        [623., 224., 639., 264.],
        [355., 102., 387., 126.],
        [  0., 199.,  89., 210.],
        [309.,   0., 323.,  15.],
        [274., 119., 337., 182.],
        [ 39.,  47.,  69.,  69.],
        [ 15., 211.,  57., 296.],
        [415.,   0., 458.,  89.],
        [197.,  31., 212.,  47.],
        [165.,  49., 190.,  71.],
        [508., 165., 532., 193.],
        [298., 141., 333., 200.],
        [411., 157., 493., 248.],
        [608., 209., 639., 274.],
        [363.,  50., 383.,  73.],
        [323., 244., 372., 259.],
        [494., 232., 533., 249.],
        [620., 392., 639., 411.],
        [317.,   6., 349.,  45.],
        [299., 141., 356., 207.],
        [452., 237., 582., 323.],
        [408.,   0., 416.,  29.],
        [114., 179., 141., 192.],
        [141., 194., 175., 255.],
        [324.,   0., 416.,  26.],
        [331.,  67., 350.,  86.],
        [399., 138., 420., 157.],
        [371., 155., 393., 167.],
        [  8., 308., 621., 478.],
        [ 14., 107.,  42., 135.],
        [121., 102., 172., 126.],
        [253., 114., 283., 160.],
        [101.,   0., 122.,  12.],
        [256., 205., 272., 221.],
        [405., 101., 443., 124.],
        [530., 276., 554., 293.],
        [283., 206., 316., 231.],
        [379., 179., 404., 192.],
        [548.,   6., 563.,  24.],
        [113.,  46., 154.,  70.],
        [ 46., 219.,  74., 264.],
        [181., 134., 198., 144.],
        [133., 134., 155., 144.],
        [625., 108., 639., 138.],
        [176., 189., 200., 203.],
        [508., 256., 539., 276.],
        [593., 243., 614., 257.],
        [361., 123., 386., 130.],
        [424., 187., 489., 220.],
        [461., 245., 483., 255.]], device='cuda:0')
